1110001100011001011101011100110100110100111100010001011011100110 010011101011100010101111011101011 111111111111111111111111111111111
1010100011111000001000100000010001001001110000001111101001010000 001100000001101001000111000110000 111111111111111111111111111111111
1111101101111011010011010001100010100011000010101100000001111110 011101110110001100101001100000110 111111111111111111111111111111111
0100111111001001111111100101010110111001110000110111101010010010 100001001000001110110011001001111 111111111111111111111111111111111
1101000001110011111011101110101000000010010000111111111110000111 011000100110011010111001010100101 111111111111111111111111111111111
1010110111011100000100000000001110111110000100111101110000101010 011001000111100111010010110111110 111111111111111111111111111111111
1111011101111011001101000110111001000000010101100110001100000110 001110011000001011011010111100000 111111111111111111111111111111111
1111101111111110011010000010000111011010010010011000110101010001 101000000110010010011100100001111 111111111111111111111111111111111
1100101010011010001000000100000110101101110011011000111001010010 011000111010101000011111101101100 111111111111111111111111111111111
1101100101101001101110101100011100110001000010010101010000101110 011001111101010001001111011001101 111111111111111111111111111111111
																					  